-0.25 => [ 0.239 -0.207  0.116]
-0.24 => [ 0.239 -0.208  0.116]
-0.23 => [ 0.239 -0.208  0.116]
-0.22 => [ 0.238 -0.208  0.116]
-0.21 => [ 0.238 -0.208  0.116]
-0.2 => [ 0.237 -0.208  0.116]
-0.19 => [ 0.237 -0.208  0.116]
-0.18 => [ 0.237 -0.208  0.116]
-0.17 => [ 0.236 -0.208  0.116]
-0.16 => [ 0.236 -0.208  0.116]
-0.15 => [ 0.235 -0.208  0.116]
-0.14 => [ 0.235 -0.208  0.116]
-0.13 => [ 0.235 -0.208  0.116]
-0.12 => [ 0.234 -0.208  0.116]
-0.11 => [ 0.234 -0.208  0.116]
-0.1 => [ 0.234 -0.208  0.116]
-0.09 => [ 0.218 -0.208  0.116]
-0.08 => [ 0.193 -0.207  0.116]
-0.07 => [ 0.17  -0.208  0.116]
-0.06 => [ 0.146 -0.208  0.116]
-0.05 => [ 0.121 -0.208  0.116]
-0.04 => [ 0.096 -0.208  0.116]
-0.03 => [ 0.071 -0.208  0.116]
-0.02 => [ 0.051 -0.205  0.119]
-0.01 => [ 0.027 -0.203  0.122]
0.0 => [-0.004 -0.204  0.127]
0.01 => [-0.029 -0.205  0.129]
0.02 => [-0.063 -0.205  0.13 ]
0.03 => [-0.078 -0.201  0.13 ]
0.04 => [-0.111 -0.202  0.13 ]
0.05 => [-0.128 -0.204  0.13 ]
0.06 => [-0.161 -0.205  0.13 ]
0.07 => [-0.185 -0.203  0.129]
0.08 => [-0.197 -0.203  0.129]
0.09 => [-0.244 -0.201  0.122]
0.1 => [-0.249 -0.206  0.117]
0.11 => [-0.249 -0.207  0.116]
0.12 => [-0.249 -0.207  0.116]
0.13 => [-0.249 -0.207  0.116]
0.14 => [-0.249 -0.207  0.116]
0.15 => [-0.25  -0.207  0.116]
0.16 => [-0.25  -0.207  0.116]
0.17 => [-0.25  -0.207  0.116]
0.18 => [-0.251 -0.208  0.115]
0.19 => [-0.251 -0.208  0.115]
0.2 => [-0.251 -0.208  0.115]
0.21 => [-0.252 -0.208  0.115]
0.22 => [-0.252 -0.208  0.115]
0.23 => [-0.252 -0.208  0.115]
0.24 => [-0.253 -0.208  0.115]
