-0.25 => [-0.007 -0.498  0.115]
-0.24 => [-0.007 -0.498  0.115]
-0.23 => [-0.007 -0.498  0.115]
-0.22 => [-0.007 -0.498  0.115]
-0.21 => [-0.007 -0.498  0.115]
-0.2 => [-0.007 -0.498  0.115]
-0.19 => [-0.007 -0.498  0.115]
-0.18 => [-0.007 -0.498  0.115]
-0.17 => [-0.007 -0.498  0.115]
-0.16 => [-0.007 -0.498  0.115]
-0.15 => [-0.007 -0.498  0.115]
-0.14 => [-0.007 -0.498  0.115]
-0.13 => [-0.007 -0.498  0.115]
-0.12 => [-0.007 -0.498  0.115]
-0.11 => [-0.007 -0.485  0.115]
-0.1 => [-0.007 -0.461  0.115]
-0.09 => [-0.007 -0.436  0.115]
-0.08 => [-0.007 -0.411  0.115]
-0.07 => [-0.007 -0.386  0.115]
-0.06 => [-0.007 -0.361  0.115]
-0.05 => [-0.007 -0.336  0.115]
-0.04 => [-0.007 -0.311  0.115]
-0.03 => [-0.007 -0.286  0.115]
-0.02 => [-0.007 -0.261  0.115]
-0.01 => [-0.007 -0.236  0.116]
0.0 => [-0.007 -0.211  0.116]
0.01 => [-0.007 -0.186  0.116]
0.02 => [-0.007 -0.161  0.116]
0.03 => [-0.007 -0.136  0.116]
0.04 => [-0.007 -0.111  0.116]
0.05 => [-0.007 -0.086  0.116]
0.06 => [-0.007 -0.061  0.116]
0.07 => [-0.007 -0.036  0.116]
0.08 => [-0.007 -0.011  0.116]
0.09 => [-0.007  0.014  0.116]
0.1 => [-0.007  0.039  0.116]
0.11 => [-0.007  0.064  0.116]
0.12 => [-0.007  0.089  0.116]
0.13 => [-0.007  0.114  0.116]
0.14 => [-0.007  0.139  0.116]
0.15 => [-0.007  0.164  0.116]
0.16 => [-0.007  0.189  0.116]
0.17 => [-0.007  0.214  0.116]
0.18 => [-0.007  0.239  0.116]
0.19 => [-0.007  0.264  0.116]
0.2 => [-0.007  0.282  0.116]
0.21 => [-0.007  0.282  0.116]
0.22 => [-0.007  0.282  0.116]
0.23 => [-0.007  0.282  0.116]
0.24 => [-0.007  0.283  0.116]
