-0.25 => [-0.007 -0.208  0.116]
-0.24 => [-0.007 -0.208  0.116]
-0.23 => [-0.007 -0.208  0.116]
-0.22 => [-0.007 -0.208  0.116]
-0.21 => [-0.007 -0.208  0.116]
-0.2 => [-0.007 -0.208  0.116]
-0.19 => [-0.007 -0.208  0.116]
-0.18 => [-0.007 -0.208  0.116]
-0.17 => [-0.007 -0.208  0.116]
-0.16 => [-0.007 -0.208  0.116]
-0.15 => [-0.007 -0.208  0.116]
-0.14 => [-0.007 -0.208  0.116]
-0.13 => [-0.007 -0.208  0.116]
-0.12 => [-0.007 -0.208  0.116]
-0.11 => [-0.007 -0.208  0.116]
-0.1 => [-0.007 -0.208  0.116]
-0.09 => [-0.007 -0.208  0.116]
-0.08 => [-0.007 -0.208  0.116]
-0.07 => [-0.007 -0.208  0.116]
-0.06 => [-0.007 -0.208  0.116]
-0.05 => [-0.007 -0.208  0.116]
-0.04 => [-0.007 -0.208  0.116]
-0.03 => [-0.007 -0.208  0.116]
-0.02 => [-0.007 -0.208  0.116]
-0.01 => [-0.007 -0.208  0.116]
0.0 => [-0.007 -0.208  0.116]
0.01 => [-0.007 -0.208  0.116]
0.02 => [-0.007 -0.208  0.116]
0.03 => [-0.007 -0.208  0.117]
0.04 => [-0.007 -0.208  0.117]
0.05 => [-0.007 -0.208  0.117]
0.06 => [-0.007 -0.208  0.118]
0.07 => [-0.007 -0.208  0.118]
0.08 => [-0.007 -0.208  0.118]
0.09 => [-0.007 -0.208  0.119]
0.1 => [-0.007 -0.208  0.119]
0.11 => [-0.007 -0.208  0.14 ]
0.12 => [-0.007 -0.208  0.165]
0.13 => [-0.007 -0.208  0.19 ]
0.14 => [-0.007 -0.208  0.215]
0.15 => [-0.007 -0.208  0.24 ]
0.16 => [-0.008 -0.208  0.265]
0.17 => [-0.008 -0.208  0.29 ]
0.18 => [-0.008 -0.208  0.299]
0.19 => [-0.008 -0.208  0.3  ]
0.2 => [-0.008 -0.208  0.3  ]
0.21 => [-0.008 -0.208  0.3  ]
0.22 => [-0.008 -0.208  0.3  ]
0.23 => [-0.008 -0.208  0.3  ]
0.24 => [-0.008 -0.208  0.3  ]
